93
11
64
99
52
48
15
23
22
77
18
33
24
51
22
37
22
35
82
96
52
24
55
58
63
89
99
31
67
22
56
44
53
69
61
98
88
66
44
85
19
33
88
55
66
48
99
77
11
88
22
94
25
29
67
87
82
95
22
11
78
53
49
22
96
55
88
33
11
92
88
74
65
24
66
22
55
99
11
34
11
77
96
44
26
82
99
61
47
33
12
74
51
51
63
55
64
59
88
66
53
78
22
72
94
97
62
66
27
88
78
22
55
36
54
22
44
11
84
29
55
55
21
17
81
46
88
37
77
14
74
74
66
58
88
14
79
66
65
68
44
44
71
64
61
33
44
46
26
58
65
69
79
11
31
69
22
89
31
55
66
61
27
59
44
19
73
48
77
54
79
55
85
11
52
66
91
32
33
22
71
51
62
55
26
19
31
22
78
39
86
66
46
23
91
51
55
56
71
87
88
77
42
91
67
53
41
77
88
42
97
46
77
66
95
99
69
77
68
26
11
68
51
22
66
24
89
54
11
64
87
88
22
59
63
84
61
99
67
28
99
55
28
47
74
81
12
66
34
26
86
28
67
99
86
33
28
55
88
23
31
99
22
32
83
38
88
99
49
55
77
92
87
33
45
92
42
32
11
29
99
51
77
77
44
36
79
94
11
31
33
55
63
44
31
55
28
77
11
11
82
33
82
32
59
51
66
55
13
22
23
11
76
17
99
19
81
49
22
55
14
11
22
86
22
24
71
55
66
57
11
12
33
18
15
21
93
49
25
26
88
88
64
34
33
22
27
12
16
33
14
74
98
33
44
86
15
55
77
52
29
14
85
96
69
77
44
31
51
96
11
88
11
49
79
66
22
71
11
92
99
73
29
96
94
22
27
98
98
22
71
77
15
64
65
39
87
79
55
98
77
99
38
92
77
81
55
88
36
75
88
62
96
91
78
73
54
77
62
33
36
33
94
87
84
62
24
23
32
56
55
22
22
85
31
59
44
11
81
15
99
22
69
63
79
57
58
11
82
91
57
44
99
55
67
77
89
66
47
62
66
44
99
55
29
73
29
87
11
62
55
11
33
77
48
44
66
59
77
85
22
67
16
55
66
96
89
29
33
42
22
27
66
77
76
66
95
99
41
63
66
95
87
28
23
31
55
86
71
33
37
24
84
68
99
22
24
58
53
84
28
72
33
44
99
66
52
32
77
99
53
13
22
75
22
64
87
98
51
44
72
98
22
66
88
44
48
65
56
99
21
33
24
58
83
62
87
57
42
22
78
39
17
77
33
37
37
56
77
65
34
77
57
11
21
33
87
33
12
44
31
99
71
79
45
31
91
85
72
95
82
24
18
11
63
29
95
26
41
49
66
13
44
84
79
42
19
88
84
47
55
15
11
77
45
99
88
33
13
11
24
81
55
55
66
14
33
65
57
24
69
66
11
88
86
51
22
87
16
26
77
89
76
71
66
47
43
97
41
44
75
67
63
11
96
44
96
15
11
35
82
83
52
99
49
44
51
71
96
57
32
99
85
12
77
68
77
41
31
13
28
38
55
11
99
84
33
59
77
64
48
36
33
85
88
61
84
12
11
66
65
33
64
61
11
11
37
66
45
69
22
44
86
77
32
29
69
97
11
89
99
57
42
22
89
77
88
11
88
29
42
97
44
22
55
53
19
48
26
99
34
85
14
22
26
17
22
15
66
29
14
11
88
67
29
66
34
82
76
59
78
65
15
35
11
85
46
55
48
22
28
26
11
14
57
67
11
99
44
45
52
44
55
25
41
11
92
77
61
88
62
99
55
89
33
77
55
82
64
15
33
77
55
84
72
95
22
44
55
13
66
48
66
99
15
57
97
33
66
88
85
88
88
33
94
66
47
52
36
87
35
56
88
77
65
55
76
22
25
44
88
44
22
53
61
65
99
17
35
99
55
49
88
79
44
36
55
16
33
64
22
19
18
47
88
77
12
88
11
54
46
22
22
22
18
68
11
78
33
11
88
66
99
55
66
33
22
88
33
75
11
12
31
99
82
68
55
89
78
21
26
11
77
79
33
18
92
33
81
23
33
84
77
33
92
99
88
52
85
77
45
35
73
22
45
86
11
83
76
84
78
29
54
11
77
85
12
35
28
11
55
64
79
99
93
33
15
59
81
16
93
44
82
44
29
22
99
94
87
22
88
88
55
82
59
72
53
87
66
41
54
25
57
67
37
44
22
53
12
12
26
99
98
99
51
99
78
48
46
13
11
55
98
23
33
63
66
21
15
29
